978 532 164
132 467 985
456 891 723
315 674 892
897 325 416
624 189 537
543 218 679
289 746 351
761 953 248

718 549 362
423 678 195
596 132 487
275 913 846
384 265 719
961 487 523
152 394 678
637 821 954
849 756 231

946 178 532
317 265 894
258 439 761
691 784 325
835 621 947
472 593 618
569 842 173
784 316 259
123 957 486

549 178 362
316 924 758
728 563 194
635 792 841
872 641 539
194 835 276
463 287 915
981 356 427
257 419 683

378 492 165
629 315 847
514 687 932
791 843 256
256 971 384
843 256 791
435 128 679
962 734 518
187 569 423

546 138 729
721 594 836
893 267 154
275 986 413
438 721 965
169 345 278
614 873 592
352 419 687
987 652 341

173 268 495
624 591 738
895 473 126
758 134 962
439 627 851
261 859 374
916 345 287
382 716 549
547 982 613

485 217 396
973 846 125
216 395 748
169 453 287
342 678 951
857 921 463
791 584 632
534 162 879
628 739 514